20
2
61
11
3
6
72
23
08
28
6
11
32
47
12
31
93
6
47
69
42
50
37
67
24
25
05
10
91
68
69
29
52
94
04
57
97
988
75
11
28
988
64
53
1
21
51
09
40
03
57
14
71
56
1
95
99
41
69
53
27
99
02
60
21
51
95
03
61
61
17
65
05
59
41
38
03
59
27
62
06
12
3
04
3
69
16
65
5
69
72
12
74
71
52
55
68
19
24
17
93
60
8
12
30
56
75
14
06
65
30
29
54
93
06
99
0
58
45
22
56
10
66
91
1
46
63
93
76
19
57
94
8
57
78
75
65
11
13
76
73
14
40
42
38
11
39
12
26
67
69
64
6
50
06
72
57
69
14
64
95
99
1
23
52
38
1
24
52
69
09
26
28
48
17
28
21
4
68
1
20
91
90
05
09
54
95
70
38
7
98
54
57
74
68
95
91
95
67
19
71
94
19
3
30
96
59
58
90
05
26
74
58
41
28
46
54
08
07
77
13
20
28
07
77
12
75
91
2
06
7
50
68
988
35
07
37
91
79
92
00
27
16
90
32
14
31
94
988
54
29
77
58
76
36
9
63
988
06
36
27
9
74
03
45
47
27
78
33
62
57
7
02
41
65
00
14
45
2
988
8
08
14
59
98
73
0
16
59
91
70
43
20
68
97
79
64
63
16
56


