86
8
27
77
9
2
38
89
64
84
2
77
98
03
78
97
59
2
03
25
08
16
93
23
80
81
61
76
57
24
25
85
18
50
60
13
53
544
31
77
84
544
20
19
7
87
17
65
06
69
13
70
37
12
7
51
55
07
25
19
83
55
68
26
87
17
51
69
27
27
73
21
61
15
07
94
69
15
83
28
62
78
9
60
9
25
72
21
1
25
38
78
30
37
18
11
24
75
80
73
59
26
4
78
96
12
31
70
62
21
96
85
10
59
62
55
6
14
01
88
12
76
22
57
7
02
29
59
32
75
13
50
4
13
34
31
21
77
79
32
39
70
06
08
94
77
95
78
82
23
25
20
2
16
62
38
13
25
70
20
51
55
7
89
18
94
7
80
18
25
65
82
84
04
73
84
87
0
24
7
86
57
56
61
65
10
51
36
94
3
54
10
13
30
24
51
57
51
23
75
37
50
75
9
96
52
15
14
56
61
82
30
14
07
84
02
10
64
63
33
79
86
84
63
33
78
31
57
8
62
3
16
24
544
91
63
93
57
35
58
66
83
72
56
98
70
97
50
544
10
85
33
14
32
92
5
29
544
62
92
83
5
30
69
01
03
83
34
99
28
13
3
68
07
21
66
70
01
8
544
4
64
70
15
54
39
6
72
15
57
36
09
86
24
53
35
20
29
72
12

