42
4
83
33
5
8
94
45
20
40
8
33
54
69
34
53
15
8
69
81
64
72
59
89
46
47
27
32
13
80
81
41
74
16
26
79
19
100
97
33
40
100
86
75
3
43
73
21
62
25
79
36
93
78
3
17
11
63
81
75
49
11
24
82
43
73
17
25
83
83
39
87
27
71
63
50
25
71
49
84
28
34
5
26
5
81
38
87
7
81
94
34
96
93
74
77
80
31
46
39
15
82
0
34
52
78
97
36
28
87
52
41
76
15
28
11
2
70
67
44
78
32
88
13
3
68
85
15
98
31
79
16
0
79
90
97
87
33
35
98
95
36
62
64
50
33
51
34
48
89
81
86
8
72
28
94
79
81
36
86
17
11
3
45
74
50
3
46
74
81
21
48
40
60
39
40
43
6
80
3
42
13
12
27
21
76
17
92
50
9
10
76
79
96
80
17
13
17
89
31
93
16
31
5
52
18
71
70
12
27
48
96
70
63
40
68
76
20
29
99
35
42
40
29
99
34
97
13
4
28
9
72
80
100
57
29
59
13
91
14
22
49
38
12
54
36
53
16
100
76
41
99
70
98
58
1
85
100
28
58
49
1
96
25
67
69
49
90
55
84
79
9
24
63
87
22
36
67
4
100
0
20
36
71
10
95
2
38
71
13
92
65
42
80
19
91
86
85
38
78
